0 0.474199 0.422271 0.048773 0.044319
0 0.663152 0.476292 0.043758 0.030861
0 0.282738 0.782111 0.078508 0.169556
0 0.936516 0.692208 0.085641 0.076556
0 0.979398 0.580125 0.041125 0.071694
0 0.447281 0.573403 0.053781 0.065833
0 0.610254 0.474090 0.050336 0.051625
0 0.397578 0.657521 0.069687 0.137236
0 0.929129 0.608486 0.083602 0.075306
0 0.676910 0.580743 0.062211 0.066819
0 0.522504 0.693181 0.066523 0.116250
0 0.682719 0.721694 0.086203 0.128083
0 0.811191 0.676153 0.085023 0.082917
0 0.187766 0.397118 0.020203 0.021514
0 0.170645 0.392278 0.016211 0.018722
0 0.212707 0.437660 0.038992 0.036986
0 0.202023 0.477812 0.034484 0.047986
0 0.240543 0.466979 0.036930 0.037653
0 0.264813 0.445493 0.040859 0.035986
0 0.237949 0.521993 0.038820 0.049347
0 0.341516 0.492924 0.041422 0.052014
0 0.347820 0.464674 0.039141 0.040153
0 0.329516 0.547236 0.044422 0.058944
0 0.274695 0.591396 0.040484 0.058681
0 0.286539 0.631160 0.045578 0.076403
0 0.683160 0.967222 0.100805 0.065556
0 0.591359 0.533750 0.048969 0.046944
0 0.878059 0.962799 0.122477 0.074403
0 0.548332 0.583847 0.074414 0.104306
0 0.499430 0.482938 0.048156 0.046042
0 0.537066 0.433778 0.039211 0.038944
0 0.446547 0.463250 0.040172 0.039806
0 0.395727 0.440882 0.026406 0.039736
0 0.384949 0.436847 0.020414 0.038583
0 0.378035 0.416778 0.025805 0.035778
0 0.314766 0.416722 0.030016 0.029750
0 0.264426 0.409917 0.025648 0.028611
0 0.237199 0.400347 0.026867 0.027111
