0 0.266035 0.482688 0.046258 0.054514
0 0.408422 0.434979 0.033469 0.029486
0 0.374355 0.440632 0.036789 0.034486
0 0.249621 0.395444 0.028273 0.027167
0 0.182496 0.388069 0.024742 0.027806
0 0.170520 0.391715 0.025492 0.034625
0 0.212168 0.399042 0.027711 0.038583
0 0.575605 0.480167 0.052039 0.051056
0 0.613719 0.476444 0.036594 0.034639
0 0.481352 0.437979 0.037922 0.036264
0 0.850078 0.562396 0.061766 0.079153
0 0.456922 0.587201 0.055906 0.070347
0 0.386320 0.626479 0.060344 0.094069
0 0.306184 0.413299 0.020102 0.019597
0 0.276934 0.604681 0.046836 0.076667
0 0.584531 0.523118 0.049531 0.045514
0 0.482723 0.470208 0.041492 0.037639
0 0.528711 0.726479 0.068359 0.103097
0 0.777047 0.561993 0.082312 0.095264
0 0.718422 0.604090 0.064609 0.080347
0 0.774199 0.428493 0.053070 0.056514
0 0.817785 0.924840 0.155617 0.150319
0 0.433969 0.936778 0.135250 0.126444
0 0.456316 0.519465 0.053211 0.062208
0 0.258203 0.551799 0.041859 0.055903
0 0.348031 0.491611 0.048203 0.054028
