0 0.509445 0.444812 0.118187 0.130708
0 0.429023 0.506507 0.050125 0.048292
0 0.368594 0.508438 0.051094 0.061042
0 0.453566 0.958229 0.118242 0.083542
0 0.287414 0.502437 0.037484 0.043736
0 0.205313 0.486458 0.036250 0.057361
0 0.732305 0.622576 0.070391 0.072097
0 0.772773 0.535424 0.054922 0.047486
0 0.742926 0.561076 0.058211 0.057292
0 0.242188 0.467500 0.036875 0.051389
0 0.191383 0.434569 0.032312 0.035500
0 0.357410 0.421611 0.030227 0.027500
0 0.348207 0.431354 0.035664 0.033653
0 0.222473 0.424000 0.037602 0.029889
0 0.221398 0.399743 0.023641 0.022125
0 0.662945 0.491965 0.050406 0.035347
0 0.439586 0.444431 0.035766 0.034778
0 0.560852 0.510090 0.048672 0.048569
0 0.396125 0.691528 0.059344 0.093444
0 0.502387 0.554028 0.049195 0.056472
0 0.267316 0.539250 0.040164 0.069194
0 0.620637 0.550562 0.052273 0.055542
0 0.866848 0.720812 0.096039 0.097514
0 0.654062 0.519681 0.050625 0.036861
