0 0.285625 0.625569 0.053938 0.103528
0 0.700043 0.537701 0.057023 0.058625
0 0.476270 0.632667 0.059898 0.081889
0 0.464254 0.452139 0.038680 0.036583
0 0.542152 0.582549 0.057508 0.078347
0 0.463855 0.521035 0.061477 0.067653
0 0.378453 0.513299 0.044031 0.059486
0 0.385098 0.481965 0.038695 0.039236
0 0.324488 0.445924 0.041492 0.049014
0 0.274324 0.463444 0.035977 0.034389
0 0.270426 0.437111 0.034914 0.031250
0 0.236984 0.442188 0.036797 0.031375
0 0.189688 0.441014 0.019063 0.039722
0 0.267707 0.415257 0.017883 0.017847
0 0.298926 0.404132 0.027195 0.021875
0 0.254637 0.402875 0.025852 0.028278
0 0.174262 0.375847 0.065227 0.068306
0 0.229379 0.407153 0.023117 0.024167
0 0.662289 0.467097 0.050203 0.043917
0 0.517172 0.431347 0.048453 0.043972
0 0.409062 0.447819 0.031516 0.028417
0 0.373117 0.438944 0.031609 0.034306
0 0.345062 0.419736 0.025625 0.020417
0 0.623305 0.679708 0.078016 0.101861
0 0.552844 0.472118 0.052297 0.055625
0 0.262273 0.898542 0.121719 0.191667
0 0.616543 0.497646 0.051570 0.059653
0 0.736105 0.518403 0.052773 0.050639
0 0.840051 0.613278 0.078336 0.070389
0 0.779352 0.650069 0.085578 0.099306
0 0.291637 0.504653 0.038289 0.046250
0 0.438078 0.582187 0.048578 0.062819
0 0.231211 0.467569 0.033047 0.037083
0 0.328594 0.540750 0.041406 0.060389
0 0.990504 0.641764 0.018664 0.059083
