0 0.479563 0.610174 0.071891 0.102986
0 0.190164 0.397444 0.022031 0.024444
0 0.239484 0.409313 0.028422 0.024181
0 0.265961 0.408132 0.028016 0.022903
0 0.593723 0.465840 0.046242 0.049264
0 0.428027 0.436701 0.039258 0.041431
0 0.399148 0.449229 0.038187 0.033097
0 0.310121 0.463590 0.045164 0.045236
0 0.274945 0.486576 0.049547 0.051819
0 0.236207 0.532951 0.039602 0.051264
0 0.377645 0.617007 0.058258 0.098375
0 0.966715 0.705625 0.066570 0.072083
0 0.635223 0.557438 0.058961 0.051931
0 0.814422 0.519597 0.059906 0.057917
0 0.497488 0.480264 0.042758 0.038750
0 0.556094 0.467153 0.057187 0.059861
0 0.686523 0.742688 0.090188 0.116347
0 0.271941 0.832722 0.080508 0.161889
0 0.275813 0.707993 0.062688 0.101264
0 0.608117 0.889674 0.110719 0.182292
0 0.768801 0.568944 0.067367 0.067306
0 0.772852 0.652861 0.078312 0.090583
0 0.762918 0.409319 0.037430 0.050444
0 0.462691 0.949444 0.114289 0.095083
0 0.326355 0.416861 0.034852 0.035861
