0 0.423809 0.421687 0.037070 0.034153
0 0.507133 0.464465 0.040359 0.037986
0 0.273965 0.839493 0.085648 0.135764
0 0.563172 0.488368 0.046844 0.047431
0 0.597281 0.640167 0.072047 0.089667
0 0.253160 0.403187 0.032633 0.032542
0 0.296094 0.464583 0.043578 0.048972
0 0.345266 0.491375 0.042359 0.048306
0 0.829590 0.612056 0.073867 0.062139
0 0.859258 0.705417 0.106484 0.094444
0 0.336680 0.426910 0.025078 0.030292
0 0.632113 0.561153 0.052664 0.049917
0 0.985590 0.633736 0.028367 0.082528
0 0.663398 0.519306 0.052734 0.057222
0 0.232086 0.400118 0.019562 0.023792
0 0.188648 0.394028 0.024641 0.021944
0 0.342105 0.412764 0.027305 0.023889
0 0.184293 0.468493 0.030945 0.049042
0 0.189711 0.441472 0.034297 0.043278
0 0.176316 0.414729 0.026742 0.039069
0 0.853082 0.942514 0.107055 0.108250
0 0.434023 0.900069 0.105719 0.199861
0 0.566750 0.444028 0.043594 0.038944
0 0.307414 0.529340 0.047016 0.072653
0 0.239656 0.521167 0.040266 0.063167
0 0.382117 0.624201 0.050766 0.077236
