0 0.544289 0.733528 0.073797 0.110306
0 0.293238 0.778486 0.072430 0.150000
0 0.737738 0.492535 0.051555 0.051847
0 0.748547 0.577972 0.070609 0.064361
0 0.301063 0.596229 0.042797 0.074347
0 0.897281 0.460250 0.070922 0.064389
0 0.508844 0.566375 0.054641 0.063167
0 0.328020 0.541375 0.038570 0.062972
0 0.292254 0.506646 0.039008 0.062097
0 0.251699 0.551090 0.041086 0.049458
0 0.322051 0.417250 0.041477 0.034167
0 0.333816 0.486021 0.042555 0.046042
0 0.912656 0.594514 0.084844 0.066806
0 0.390941 0.634507 0.088836 0.194069
0 0.433250 0.507771 0.050609 0.067319
0 0.372914 0.475785 0.041641 0.041181
0 0.400586 0.415639 0.042109 0.038944
0 0.261410 0.486326 0.037945 0.042097
0 0.260992 0.452361 0.035422 0.037333
0 0.290957 0.438174 0.044102 0.042819
0 0.259297 0.409653 0.033906 0.027639
0 0.213242 0.402014 0.021641 0.024306
0 0.197820 0.387000 0.026172 0.026389
0 0.921973 0.552556 0.075352 0.054306
0 0.732980 0.799063 0.117586 0.182708
