0 0.432570 0.422250 0.035453 0.033278
0 0.834324 0.551125 0.082555 0.081639
0 0.499820 0.556868 0.065250 0.073042
0 0.839027 0.618604 0.091758 0.080875
0 0.215219 0.399208 0.021547 0.025472
0 0.200887 0.398278 0.024680 0.024361
0 0.970297 0.717924 0.059406 0.112014
0 0.364723 0.433757 0.037445 0.037569
0 0.379773 0.424312 0.029078 0.023792
0 0.327023 0.421250 0.031875 0.032222
0 0.287848 0.404931 0.025711 0.029306
0 0.440617 0.581764 0.052109 0.067083
0 0.447813 0.456937 0.046500 0.048264
0 0.626020 0.499549 0.052102 0.053181
0 0.492773 0.461542 0.038531 0.038028
0 0.532348 0.674667 0.070008 0.105194
0 0.595125 0.528715 0.048922 0.060597
0 0.252168 0.457333 0.035461 0.035722
0 0.243879 0.429042 0.038727 0.035500
0 0.722699 0.548438 0.064523 0.070153
0 0.352172 0.470833 0.047937 0.066944
0 0.289676 0.597292 0.081695 0.169306
0 0.341340 0.543014 0.043148 0.067778
0 0.248875 0.517396 0.047406 0.078542
0 0.175352 0.393333 0.022578 0.016944
0 0.517902 0.439688 0.051242 0.039236
