0 0.238266 0.401764 0.019141 0.021250
0 0.263422 0.413917 0.023203 0.024444
0 0.297109 0.417729 0.031688 0.029264
0 0.345184 0.402292 0.036820 0.027250
0 0.406723 0.412708 0.034992 0.026389
0 0.597602 0.826569 0.094047 0.139778
0 0.498109 0.628722 0.066484 0.102194
0 0.766156 0.642278 0.077375 0.085111
0 0.920125 0.651618 0.100234 0.102764
0 0.703902 0.503556 0.056852 0.056694
0 0.628617 0.510549 0.052250 0.047597
0 0.531367 0.585000 0.054297 0.063611
0 0.467332 0.421507 0.035039 0.028014
0 0.443539 0.502944 0.049437 0.066778
0 0.308668 0.521285 0.039961 0.057486
0 0.657918 0.699174 0.088586 0.113542
0 0.401004 0.677424 0.060992 0.114903
0 0.542883 0.456097 0.050828 0.050028
0 0.665449 0.971944 0.107648 0.056111
0 0.649672 0.566319 0.061281 0.055139
0 0.467488 0.451014 0.040352 0.031194
0 0.541059 0.499792 0.051477 0.050056
0 0.419102 0.433549 0.039141 0.038736
0 0.370594 0.591389 0.047125 0.065833
0 0.332641 0.481757 0.041375 0.044958
0 0.345508 0.421181 0.033516 0.026528
0 0.885000 0.931986 0.172031 0.136028
0 0.374578 0.519972 0.044687 0.053667
0 0.379965 0.473549 0.041164 0.042819
0 0.972109 0.859611 0.055781 0.177972
0 0.250801 0.444861 0.034492 0.033556
0 0.257586 0.481542 0.036125 0.042333
0 0.198863 0.447854 0.028836 0.034847
0 0.174594 0.399333 0.017266 0.017778
0 0.189867 0.392042 0.017656 0.018750
0 0.217602 0.405236 0.022812 0.023750
