0 0.323676 0.420007 0.031227 0.035347
0 0.272992 0.411042 0.030938 0.029861
0 0.303656 0.402708 0.032625 0.031111
0 0.206766 0.397472 0.041219 0.035528
0 0.385746 0.484799 0.047414 0.046792
0 0.616418 0.504396 0.054039 0.055486
0 0.619992 0.449236 0.051109 0.041806
0 0.632437 0.480347 0.053766 0.040972
0 0.220266 0.933340 0.125828 0.133319
0 0.432180 0.946715 0.131844 0.106569
0 0.315141 0.475576 0.044609 0.040986
0 0.971156 0.719660 0.057687 0.091208
0 0.825617 0.553174 0.072453 0.071042
0 0.765852 0.602361 0.068687 0.075500
0 0.559059 0.775174 0.082117 0.124764
0 0.835090 0.689382 0.090305 0.084542
0 0.282715 0.652715 0.056102 0.099875
0 0.502848 0.649896 0.069930 0.107847
0 0.245195 0.468882 0.037844 0.045958
0 0.352063 0.438153 0.024984 0.019639
0 0.323508 0.527882 0.045297 0.074514
0 0.557215 0.457861 0.037289 0.039000
0 0.486641 0.457292 0.034531 0.030417
0 0.461336 0.470194 0.040453 0.039000
0 0.391797 0.430694 0.034688 0.027778
0 0.262543 0.544451 0.042602 0.059903
